36 69 115 226 278 343 345 358 368 370 401 450 489 494 573 577 581 583 610 682 692 705 722 832 862 886 908 923 932 960 977 
8 51 55 73 78 117 140 175 187 229 266 295 304 366 381 413 424 429 501 512 523 529 538 572 575 576 593 675 676 688 735 758 785 797 812 823 826 843 854 868 871 888 893 956 982 
53 55 98 159 192 322 332 402 412 413 424 430 450 480 526 538 569 571 572 598 666 672 694 701 797 809 820 826 897 904 928 943 952 956 992 
48 203 205 227 279 294 320 335 359 414 509 525 529 780 814 850 871 885 922 928 950 984 
58 69 73 82 120 146 166 178 217 220 244 256 334 357 378 462 470 487 498 528 538 601 625 658 720 749 763 790 795 800 820 868 883 912 918 919 934 935 941 947 978 982 
10 18 75 120 185 194 205 206 321 339 397 477 494 509 544 593 598 618 623 680 720 809 840 876 893 900 913 937 949 956 964 989 
38 175 243 329 371 378 385 440 450 541 554 581 597 622 658 663 722 777 788 800 830 843 849 883 887 888 913 947 956 966 981 989 
20 31 35 38 71 73 98 102 120 127 132 140 204 217 242 243 257 265 294 340 362 368 387 401 419 470 489 509 514 530 533 548 573 602 633 658 665 675 682 694 795 800 854 871 878 895 897 904 914 960 988 
1 4 49 72 107 108 115 124 142 146 162 204 215 225 230 242 266 279 296 314 315 316 318 331 347 509 541 576 605 612 624 688 692 706 730 744 830 858 868 890 919 975 981 999 
21 38 59 71 72 104 122 137 180 196 204 207 256 266 279 334 338 339 421 438 480 523 541 577 617 634 684 741 765 771 830 871 885 894 905 922 967 982 
28 54 55 70 82 115 204 205 225 245 296 333 350 356 366 388 401 411 460 472 480 525 529 598 620 641 657 675 742 753 758 781 800 805 807 826 829 890 900 914 916 937 941 964 966 984 
10 27 100 104 175 206 296 360 394 400 413 422 440 449 517 536 557 578 647 711 769 789 829 844 883 890 893 895 934 944 946 949 970 982 
16 51 54 55 69 100 171 179 182 183 187 236 254 266 346 351 354 355 362 373 377 424 438 459 464 470 494 529 545 561 575 585 594 606 617 657 662 674 678 686 694 706 752 794 820 834 876 884 888 890 900 919 975 982 
38 39 43 45 129 136 174 194 203 241 293 296 362 368 419 437 440 493 567 572 585 614 622 639 651 675 692 707 750 766 789 792 828 835 887 888 918 947 950 
15 70 120 122 143 183 205 229 272 274 279 280 283 287 294 299 351 354 381 487 529 562 568 581 638 685 716 738 766 775 788 804 826 885 948 966 982 984 998 
43 45 67 73 90 111 112 118 142 154 155 197 198 206 236 303 311 326 345 346 450 467 470 507 520 538 558 597 631 650 658 692 709 720 736 746 784 790 797 841 909 
25 26 32 107 112 161 163 217 243 276 294 339 378 449 450 528 614 622 658 701 769 820 829 887 888 889 900 914 928 966 994 
51 97 105 110 115 145 183 187 204 205 274 283 295 321 326 347 367 413 438 450 466 504 523 529 561 562 585 598 611 653 688 810 874 897 914 922 932 943 960 966 968 
8 31 46 73 93 118 132 141 196 259 263 276 314 339 354 368 408 414 427 522 598 612 628 629 631 641 661 671 744 782 800 829 914 
22 25 85 102 115 121 131 132 145 151 201 216 217 220 227 262 266 338 359 364 385 401 419 470 523 526 563 597 621 631 649 690 692 720 746 758 764 797 829 833 838 886 899 936 
37 69 89 110 145 158 201 208 209 220 316 320 387 418 477 510 556 593 617 628 665 720 736 765 766 797 818 858 897 913 914 950 962 968 
3 18 39 68 110 116 129 155 236 249 275 316 319 333 345 395 413 477 482 483 496 529 534 540 573 597 620 647 659 676 705 706 711 712 743 785 787 792 804 819 829 900 921 933 941 968 
57 116 129 145 154 159 227 278 290 326 354 411 469 510 517 561 581 632 634 692 710 722 752 798 800 809 841 852 885 912 913 937 948 956 960 964 966 983 992 
4 98 118 165 169 213 222 283 290 368 377 405 413 424 440 489 538 572 583 606 622 706 722 758 769 771 795 797 800 826 828 835 863 876 890 934 947 966 
3 10 68 110 193 197 279 280 296 308 407 422 423 438 450 466 477 489 518 523 548 561 562 634 674 676 711 712 731 792 829 843 883 893 895 904 935 938 956 964 967 984 998 
8 14 21 70 196 254 308 321 362 366 399 460 569 684 689 707 718 722 723 752 785 788 790 793 819 859 867 876 878 885 906 919 943 953 
8 12 35 59 71 108 125 141 187 198 205 219 230 236 265 276 290 326 362 368 371 401 403 419 438 440 460 498 526 529 538 673 682 722 736 774 797 817 837 855 898 910 919 950 
2 26 62 69 72 100 125 172 192 194 280 290 310 335 339 354 401 407 440 456 489 494 529 548 570 585 597 628 639 692 746 775 777 782 841 854 888 902 914 937 983 
17 33 34 91 140 147 161 168 212 249 258 338 368 412 443 474 568 574 649 746 779 785 815 874 885 893 918 966 992 
24 32 46 72 118 139 141 159 197 201 205 218 258 308 346 401 423 424 480 492 526 540 577 583 675 701 733 749 764 782 831 876 897 923 975 989 
10 32 100 104 120 145 159 166 173 176 217 239 266 333 368 401 448 470 474 489 529 540 550 553 674 690 742 762 862 887 895 914 989 
54 61 73 105 122 123 217 259 265 314 319 326 356 368 373 387 394 408 414 415 427 449 450 460 477 510 530 538 612 628 629 631 638 651 722 744 778 792 797 800 815 817 887 913 921 923 960 964 967 972 979 982 989 
3 8 25 32 64 70 118 161 163 171 176 202 224 236 239 287 304 354 368 390 397 399 449 460 467 470 510 527 529 537 548 569 614 624 628 673 674 689 701 718 720 722 752 785 788 790 797 853 859 876 878 893 906 919 937 948 953 970 
43 46 55 117 139 151 155 176 177 189 192 201 204 207 249 259 308 326 368 408 457 480 487 490 492 517 572 579 583 622 645 655 665 684 687 690 691 733 752 782 897 942 950 952 968 975 
12 25 32 52 70 72 74 112 120 127 145 172 175 205 207 229 241 242 254 266 267 277 294 300 354 371 373 390 392 418 423 450 464 476 494 510 512 538 573 578 612 634 706 709 713 724 730 749 795 809 819 843 879 883 895 904 930 941 
1 12 21 25 33 48 53 96 104 115 138 140 143 147 159 217 280 345 381 414 507 513 516 567 614 618 634 735 752 766 785 793 798 804 820 829 844 895 935 944 949 982 
5 7 8 25 55 66 85 88 90 144 170 181 192 234 265 401 485 522 567 597 631 637 682 691 798 805 886 903 967 
1 5 35 54 57 97 104 132 140 142 152 161 175 192 203 205 222 237 280 283 294 310 345 362 447 468 529 538 552 593 611 676 719 720 752 802 854 890 898 944 947 984 998 
12 39 54 58 70 78 154 161 168 180 192 220 242 259 288 299 354 361 368 373 419 450 480 484 554 561 571 574 595 663 674 711 720 752 759 768 801 829 885 886 982 
108 162 171 205 285 320 348 351 354 427 438 453 459 470 490 521 523 529 545 567 578 634 648 685 686 694 706 735 752 843 
21 32 35 95 117 229 254 257 259 279 308 323 349 362 368 378 383 397 401 469 477 489 505 523 541 546 567 573 576 598 651 663 675 684 707 777 778 800 817 819 867 937 943 949 978 
17 97 129 140 168 173 201 236 254 266 276 280 534 593 634 671 684 692 710 722 733 828 858 869 872 879 904 921 
1 8 21 70 115 118 123 161 183 201 204 210 259 265 338 377 411 413 438 474 510 513 601 623 634 638 676 695 733 769 825 881 883 912 913 982 
21 25 38 39 48 72 97 108 114 129 169 171 175 193 212 231 236 249 276 279 281 316 319 345 348 390 395 401 413 419 482 489 501 529 620 682 694 706 714 743 745 752 775 787 793 804 814 819 857 885 886 899 941 968 
69 70 116 121 125 140 186 193 201 207 280 359 378 467 510 526 529 550 653 663 720 746 779 785 829 854 886 934 946 949 989 
27 46 71 94 110 153 156 164 165 175 177 197 198 264 294 300 326 327 345 347 400 419 427 472 477 579 585 611 660 662 691 707 732 752 756 766 797 817 828 872 886 888 897 910 921 956 964 967 989 
46 66 82 132 141 177 236 263 277 314 354 401 408 462 464 470 523 528 585 625 628 641 657 658 661 682 749 800 820 826 829 868 874 900 934 947 982 
19 70 78 146 154 186 215 265 272 283 314 319 387 414 449 497 510 529 538 541 579 580 651 730 744 789 815 820 821 854 887 923 944 975 
28 48 51 162 197 282 289 327 338 361 368 438 460 469 489 504 525 538 568 591 706 720 722 733 752 763 766 780 782 789 795 803 851 879 903 910 952 956 997 
1 8 38 68 85 102 111 114 155 210 229 239 249 264 268 300 307 322 348 373 379 390 413 419 430 461 472 510 529 554 639 706 720 722 782 841 862 872 886 890 899 909 938 942 952 984 
157 172 276 338 375 390 453 468 510 719 720 732 843 869 893 895 897 937 960 
39 43 48 82 132 143 147 196 298 318 350 381 385 413 417 438 460 462 470 522 528 541 556 625 658 671 678 684 694 749 788 795 815 820 849 868 895 934 947 956 982 
16 21 33 82 96 117 158 217 280 283 322 345 346 350 355 369 373 377 424 438 494 510 515 516 561 594 606 614 655 662 674 678 684 712 766 834 895 970 975 
1 28 204 227 236 245 296 304 309 339 356 377 408 525 529 598 692 805 853 883 956 984 
28 43 51 86 90 100 120 128 217 239 288 309 346 368 405 419 438 477 494 510 521 526 561 569 620 627 640 682 683 705 706 735 745 749 785 793 795 956 958 964 
58 72 73 116 118 157 186 217 307 329 342 354 362 366 368 390 408 413 424 467 472 496 517 538 572 574 581 624 628 639 692 733 746 763 797 826 829 867 914 932 956 980 990 
8 19 72 95 181 183 198 229 234 263 316 350 392 435 516 562 597 612 744 752 766 807 831 854 884 899 
12 25 39 46 53 96 145 147 161 170 172 180 198 204 236 283 307 316 323 352 362 368 372 381 385 418 437 450 463 472 489 505 543 554 561 567 573 622 658 682 717 719 757 758 763 784 789 805 830 894 895 928 950 972 983 
25 32 46 70 97 110 145 158 159 165 177 205 210 217 220 263 285 290 316 371 377 395 419 421 474 487 529 554 600 682 722 736 805 882 899 914 937 944 947 962 967 968 984 
12 41 43 70 73 86 124 140 157 207 208 217 346 349 383 467 472 509 510 526 553 576 579 674 676 692 736 760 779 813 838 912 939 943 956 989 
54 120 137 146 169 177 192 212 215 217 280 299 314 319 350 362 381 387 440 447 460 512 554 567 573 598 639 647 662 678 730 745 775 795 809 862 869 893 926 944 975 998 
2 5 68 71 111 135 171 175 180 181 187 214 239 258 283 334 343 355 405 423 438 450 458 468 487 494 535 548 565 594 624 630 706 722 752 855 878 904 914 949 
46 54 55 69 100 120 183 189 226 249 254 283 296 334 362 408 419 443 457 487 513 617 641 665 684 687 690 691 699 775 789 833 876 914 952 982 
51 54 82 120 155 177 185 187 204 227 354 368 384 419 487 489 529 608 634 689 708 753 826 829 860 904 923 956 984 988 
10 15 32 93 115 127 131 205 208 222 236 298 346 354 362 382 419 460 510 516 517 520 593 608 635 638 676 744 751 800 839 844 845 878 890 897 919 928 
17 19 36 40 57 97 110 198 205 227 236 240 274 295 316 345 358 377 413 448 450 510 523 557 562 581 611 612 641 653 682 692 697 752 763 812 831 852 884 895 899 908 914 937 943 964 991 
43 51 86 90 120 124 204 205 207 309 326 356 368 390 408 438 494 510 546 576 581 613 614 620 640 641 652 683 705 735 745 784 793 798 841 862 889 895 897 913 921 963 964 968 970 991 
2 31 38 118 145 177 188 205 217 229 266 300 336 339 362 366 368 377 390 422 423 510 522 539 561 593 606 638 639 676 682 685 687 738 746 751 767 789 809 812 829 881 897 944 990 
55 73 97 140 146 166 205 212 217 296 326 337 350 366 460 461 472 477 593 692 720 797 800 807 817 829 839 883 913 919 921 930 944 966 989 992 
6 8 74 168 177 183 226 242 275 298 332 334 375 475 477 489 548 579 602 629 648 676 692 710 745 766 797 809 844 881 909 934 958 980 
6 154 183 198 226 300 328 368 374 406 413 415 447 529 629 640 641 676 692 780 795 797 815 829 844 862 895 899 906 909 921 937 944 962 980 
52 73 74 95 125 130 146 166 217 242 253 255 276 334 343 345 432 505 522 537 540 579 597 598 616 651 686 692 694 698 706 715 720 746 757 800 829 839 883 919 937 970 978 995 999 
52 68 73 77 80 120 159 208 254 257 264 266 298 448 509 526 546 591 634 635 675 676 685 692 767 805 878 879 904 937 939 943 947 956 
31 55 71 72 89 110 114 161 185 227 258 273 294 376 427 432 472 484 489 516 529 606 631 634 638 682 701 758 765 784 785 825 834 883 895 918 919 928 931 946 949 988 
12 58 97 105 115 118 171 204 209 307 321 354 362 368 390 440 510 513 518 537 563 622 628 682 686 692 710 785 839 860 893 919 921 
59 108 112 130 140 174 196 205 215 265 322 381 387 401 443 472 498 513 665 678 684 804 817 829 830 832 878 897 956 983 
17 23 70 140 168 186 236 272 329 342 510 530 534 594 628 657 665 692 710 722 733 779 828 858 914 921 932 956 962 980 989 
21 32 54 70 72 82 151 161 272 294 319 366 385 401 403 460 474 489 561 563 568 598 650 651 655 661 692 719 736 794 805 807 819 829 840 855 890 966 984 
32 74 115 154 177 198 240 253 290 334 338 436 484 498 513 537 538 554 588 593 601 602 626 634 638 663 684 695 732 769 806 825 829 883 897 902 912 952 
25 52 55 66 85 88 90 110 112 128 170 172 277 335 357 362 381 417 421 438 447 464 470 510 522 538 597 612 620 634 644 682 713 730 784 797 886 888 895 897 920 941 962 966 967 
51 58 100 129 147 185 217 227 242 279 321 328 354 392 395 397 427 487 489 534 541 550 557 632 740 764 775 809 820 840 847 895 913 914 934 946 949 956 984 991 
3 17 35 71 88 97 198 210 217 239 242 266 279 316 349 364 368 395 450 494 505 522 544 567 658 661 674 682 687 763 801 804 846 853 854 895 898 937 972 
24 32 46 72 118 120 141 151 159 173 181 186 197 205 217 258 272 329 349 368 375 423 453 470 473 487 492 526 562 577 598 620 628 639 659 684 685 687 692 716 732 749 758 782 804 810 826 831 835 860 892 914 948 960 980 989 
27 28 59 93 108 205 234 265 276 306 401 440 498 517 529 631 678 720 733 740 752 766 780 789 803 804 817 883 892 982 
21 31 39 43 71 120 129 140 158 220 236 239 242 249 270 273 295 316 319 345 362 364 368 387 395 413 419 482 509 529 533 540 541 573 585 593 620 658 682 692 706 743 780 782 787 804 819 845 878 895 897 914 937 947 968 989 
4 8 25 55 69 72 73 112 120 155 161 204 205 239 279 294 318 344 379 419 427 429 443 486 507 510 540 579 582 588 593 623 631 661 675 682 690 694 701 720 795 843 853 867 895 949 997 
5 22 48 116 122 125 130 131 145 151 160 180 192 197 210 254 280 334 336 338 394 470 510 526 529 580 631 653 658 663 676 694 696 746 785 789 795 831 837 854 899 913 963 981 984 988 992 
22 64 73 85 102 126 143 151 205 215 258 334 338 367 470 474 504 522 526 538 577 631 638 675 682 722 746 763 789 886 887 899 933 967 983 989 
2 32 33 45 73 122 145 176 193 236 241 349 458 467 484 496 510 521 572 614 628 630 631 661 674 718 720 738 753 769 795 862 872 883 893 896 910 933 937 
25 31 33 52 71 112 136 161 172 196 202 205 224 239 276 277 279 283 287 339 368 464 510 527 538 548 598 612 620 671 713 730 782 783 800 914 941 956 970 
21 39 48 120 129 155 236 249 270 295 316 319 345 395 413 482 529 540 541 548 585 601 620 692 696 706 722 743 772 782 787 804 819 878 897 937 947 968 989 
31 54 78 104 112 118 151 210 266 351 390 419 428 529 558 593 595 656 692 722 763 775 779 794 812 832 854 897 925 938 966 991 
22 45 66 71 73 127 131 140 151 205 239 306 310 338 345 368 401 470 487 505 526 538 602 631 697 709 746 752 758 780 795 829 899 910 981 
55 112 130 180 243 283 348 387 402 412 424 430 480 511 527 571 614 622 653 707 720 763 775 790 807 809 861 904 943 995 
9 25 43 45 46 52 120 130 140 151 314 316 368 381 411 414 430 438 510 514 765 785 838 843 874 885 890 918 
26 52 82 111 120 130 140 141 201 210 224 226 234 279 316 321 368 381 414 427 438 600 629 634 661 705 720 790 797 820 874 885 890 966 985 
21 26 43 54 72 100 114 127 192 274 279 390 401 413 477 481 540 574 682 692 778 789 793 814 853 857 933 937 941 944 952 956 
17 104 162 173 176 177 192 217 226 266 333 358 368 381 387 395 419 422 450 467 474 489 503 529 571 593 603 604 617 624 682 690 711 720 766 813 828 829 846 883 944 947 972 989 
2 8 39 44 51 70 73 93 112 132 161 216 226 298 422 443 450 582 602 674 675 682 687 741 766 792 812 826 842 883 888 910 991 997 
27 72 73 136 140 160 197 274 294 321 348 362 405 411 477 484 553 597 605 611 639 642 690 710 740 753 784 801 854 869 972 982 
12 25 48 68 71 83 140 142 177 196 197 227 246 280 295 298 308 381 414 470 484 510 595 618 775 829 878 895 
49 73 85 126 173 192 203 204 230 266 333 373 377 561 624 663 675 736 738 805 812 837 844 891 
8 25 88 129 151 162 230 231 328 346 364 368 372 374 395 415 427 440 470 510 524 541 573 579 592 663 763 830 895 922 981 992 
2 5 32 33 45 51 73 88 122 145 160 183 193 205 220 229 234 241 283 336 374 385 413 430 443 458 468 489 496 511 521 573 617 630 631 656 661 711 721 777 795 809 872 885 896 910 933 956 
8 12 17 19 57 70 71 90 115 140 168 198 223 234 236 239 252 279 306 316 342 350 419 494 534 562 574 612 631 682 692 704 710 722 768 792 795 826 828 829 831 858 884 892 899 923 975 
38 69 70 72 82 116 120 140 181 201 205 222 256 310 357 368 378 379 436 450 486 487 500 507 510 538 569 588 593 601 620 661 690 769 811 843 912 918 935 978 989 
3 11 72 96 110 183 207 236 330 395 444 468 470 486 491 509 533 534 577 594 614 642 675 687 694 734 793 795 862 995 
4 8 22 26 69 73 98 102 180 194 276 316 318 326 350 450 467 471 472 477 480 487 489 511 561 569 583 590 618 681 720 742 778 780 783 790 826 846 852 890 894 947 
8 10 25 39 46 68 73 110 111 112 172 198 265 266 280 283 294 322 336 343 361 368 394 450 468 487 505 507 527 528 538 567 630 634 656 658 661 676 684 719 720 738 763 769 784 829 844 893 899 947 972 983 
21 36 45 72 85 96 118 122 190 204 265 274 349 390 392 401 411 413 467 484 505 528 558 572 578 597 665 675 682 720 738 753 769 793 814 857 862 881 883 893 896 919 941 967 
21 28 32 71 72 73 112 130 145 222 259 283 366 387 403 475 489 505 511 529 541 614 641 692 694 705 720 723 752 763 844 878 928 952 995 
19 31 32 40 97 112 135 170 217 236 240 276 325 377 378 387 402 461 469 470 480 489 515 526 530 567 574 597 606 640 675 676 689 709 722 738 763 784 803 812 835 837 867 915 916 923 937 956 991 
21 38 97 132 198 262 368 410 413 419 480 548 597 641 711 780 795 818 862 895 914 919 937 950 
24 72 73 81 116 157 173 181 229 242 275 276 368 373 382 390 414 437 449 472 496 554 573 590 620 653 659 679 718 722 738 769 797 867 871 885 
12 28 64 114 158 177 199 201 205 229 266 273 311 326 460 550 579 638 732 795 825 854 928 947 988 992 
12 39 48 55 70 73 93 104 112 142 165 196 220 283 326 328 449 450 480 484 513 526 558 573 674 692 712 722 746 759 766 773 809 813 854 883 918 938 940 
32 52 80 93 120 140 151 168 183 254 266 276 294 347 400 414 418 419 424 510 541 577 585 606 610 614 618 624 633 634 665 689 692 758 792 879 904 914 944 961 984 
32 46 71 132 142 172 176 236 354 355 364 408 467 471 510 561 594 614 628 641 661 662 674 718 739 775 800 829 883 919 937 946 947 
5 12 28 39 53 69 96 111 183 192 205 239 279 308 339 361 368 381 408 417 419 424 450 487 489 574 614 629 638 704 775 785 801 825 832 844 847 857 871 885 900 919 937 
22 26 100 116 127 204 210 274 275 279 419 477 481 483 496 522 540 573 579 597 616 659 692 706 785 871 900 933 937 952 956 999 
5 32 54 55 69 82 100 127 185 205 207 217 225 239 330 352 368 385 403 409 452 480 503 509 510 522 528 534 557 563 567 576 577 657 663 694 708 725 736 784 814 860 887 890 914 934 946 949 
28 116 158 164 214 245 296 327 356 376 401 419 484 525 528 529 554 595 597 598 605 614 771 783 804 805 829 833 879 883 941 984 
25 35 38 48 75 108 171 175 231 279 281 300 405 419 509 536 640 694 707 745 752 824 889 949 
8 27 43 73 74 111 196 205 207 240 244 259 320 334 362 401 450 480 510 534 537 585 593 603 608 634 674 684 692 758 775 829 862 900 933 934 936 952 961 972 
64 71 85 96 102 120 129 140 170 215 236 242 258 307 316 362 368 385 419 463 509 522 533 573 618 658 675 682 722 757 758 762 856 878 886 895 897 914 933 967 983 
48 54 72 103 122 162 177 197 198 217 225 249 275 381 395 480 522 604 624 625 657 708 711 784 812 819 820 829 841 844 869 874 913 918 944 946 947 952 956 972 
4 16 38 55 69 112 142 193 195 205 299 319 346 359 368 408 411 467 477 484 527 532 576 583 659 686 766 782 848 878 900 914 921 946 967 
12 32 58 69 151 155 177 185 204 207 239 259 326 330 407 409 510 517 528 579 663 694 731 782 784 942 968 
45 75 140 141 239 287 294 310 345 350 373 387 414 441 487 489 526 529 538 561 594 609 653 658 662 674 685 697 701 722 750 752 765 780 784 829 862 867 888 910 919 953 981 
71 73 116 120 125 126 205 208 217 241 280 308 334 349 350 367 368 438 450 471 474 504 509 529 533 561 580 605 638 653 663 675 724 775 785 789 854 876 887 899 914 989 
1 5 28 98 104 120 138 143 159 183 202 203 224 239 240 287 294 350 373 385 414 487 527 529 538 548 573 609 622 623 735 752 784 793 804 832 833 844 857 862 919 932 937 949 970 982 
24 25 31 38 39 48 85 108 122 168 171 175 204 231 258 279 281 381 392 412 419 480 522 624 629 649 659 675 682 694 705 707 720 723 745 750 752 771 874 884 886 897 914 956 
31 43 66 114 144 175 185 308 309 310 321 397 439 516 523 540 570 597 618 675 684 733 767 797 809 815 829 840 841 900 913 937 956 983 989 
25 54 55 66 85 88 98 129 145 170 242 322 332 496 522 526 550 569 598 634 672 682 684 694 716 720 797 820 886 897 913 923 928 952 960 967 
21 31 58 97 110 122 159 283 300 318 343 345 350 366 373 413 424 438 460 472 510 538 572 580 581 611 686 688 707 715 766 777 804 806 807 829 846 874 885 888 895 898 946 947 966 972 
5 31 93 115 122 142 220 266 332 348 366 383 460 469 472 480 576 588 630 674 686 712 735 759 807 824 854 884 885 937 952 
21 32 54 78 115 201 204 213 218 239 276 334 373 401 438 460 477 561 639 640 641 649 671 740 753 758 764 781 826 900 916 923 937 941 960 
21 48 88 123 142 145 168 210 274 299 327 349 354 376 405 409 443 456 489 494 509 514 522 523 597 606 614 640 661 673 676 677 682 692 694 699 701 706 722 738 744 760 766 788 793 801 863 868 878 890 910 937 
38 93 112 120 140 168 276 308 322 345 371 407 418 510 523 526 541 585 614 624 633 689 692 777 944 982 
8 17 72 95 110 161 168 279 326 356 364 390 435 438 477 484 489 517 658 694 699 744 757 792 793 835 862 897 923 946 963 968 991 
23 24 48 55 59 90 104 130 140 142 157 196 197 198 242 256 343 350 373 374 377 381 419 421 440 458 470 480 510 577 581 682 687 694 735 741 766 785 792 814 829 886 901 935 941 972 987 
8 22 27 54 57 70 71 90 104 118 151 171 198 205 239 252 279 354 368 390 408 413 448 529 537 546 557 575 581 613 641 652 682 697 780 784 785 798 803 841 889 893 895 913 919 921 937 970 
8 26 31 69 72 82 95 100 111 120 141 171 201 226 234 256 294 328 357 368 378 435 450 472 480 487 510 557 601 629 676 705 712 736 744 790 797 819 900 912 918 931 934 935 946 949 978 982 
24 39 45 55 108 114 130 170 175 196 198 227 252 259 279 357 385 432 438 449 480 490 500 529 540 575 579 631 701 706 722 733 738 763 782 812 813 867 881 882 910 913 914 937 956 966 
1 8 58 114 140 190 273 354 460 525 561 567 592 598 606 634 638 658 692 825 859 861 883 913 916 928 950 988 
20 21 27 28 54 71 73 78 98 157 165 175 177 181 201 213 218 239 245 276 296 356 368 373 387 401 438 460 470 525 529 530 548 590 598 602 611 639 640 671 738 752 764 769 805 923 960 984 988 
35 38 70 104 122 181 182 219 229 257 272 283 308 310 332 349 358 368 401 413 430 450 470 497 500 510 541 546 567 574 579 620 641 684 722 736 769 775 778 800 805 811 817 820 821 826 978 
38 43 58 68 71 83 100 110 122 177 197 217 227 295 298 299 308 360 362 366 384 470 486 510 537 538 572 580 595 625 682 686 687 707 715 716 722 766 778 795 825 846 869 874 885 890 898 899 914 946 948 
8 31 38 55 112 117 130 155 160 192 196 266 268 283 296 339 348 349 362 368 369 390 474 490 561 571 572 622 645 686 690 697 722 752 766 841 881 893 914 982 991 
21 53 73 96 110 173 185 207 256 283 317 321 343 347 394 395 397 424 467 468 494 538 562 563 574 586 629 634 657 676 713 719 720 738 759 788 790 809 840 874 895 913 939 956 970 
2 50 57 59 104 118 127 132 143 194 196 256 268 289 304 321 390 396 421 480 533 568 577 578 597 638 661 676 688 694 722 723 741 809 824 826 871 914 971 972 989 
61 73 93 173 203 204 294 326 333 354 368 377 408 454 460 527 561 576 675 686 722 736 763 797 812 817 837 844 891 921 948 960 967 989 
8 57 70 71 90 125 187 239 252 279 282 290 327 354 392 438 442 469 489 504 521 525 682 686 705 707 722 736 737 738 795 824 910 919 956 
8 12 35 53 72 97 104 132 173 176 217 229 254 262 266 310 333 354 368 377 388 401 403 410 414 417 474 477 489 511 529 571 574 676 690 